00000000000000000000000000110000
00000000000000000000000000110001
00000000000000000000000000001010
00000000000000000000000000110000
00000000000000000000000000110001
00000000000000000000000000001010
00000000000000000000000000110000
00000000000000000000000000110010
00000000000000000000000000001010
00000000000000000000000000110000
00000000000000000000000000110011
00000000000000000000000000001010
00000000000000000000000000110000
00000000000000000000000000110101
00000000000000000000000000001010
00000000000000000000000000110000
00000000000000000000000000111000
00000000000000000000000000001010
00000000000000000000000000110000
00000000000000000000000001000100
00000000000000000000000000001010
00000000000000000000000000110001
00000000000000000000000000110101
00000000000000000000000000001010
